,Index,X,S,F,Difference
0,1,7.826369259425611e-06,0.001,6.874055878403063e-05,6.0914189524605014e-05
1,2,0.000595042482295559,0.002,0.0007922017183813468,0.00019715923608578777
2,3,0.0008789999414603226,0.003,0.0012603050717890918,0.00038130513032876923
3,4,0.0016574161134927609,0.004,0.001374483662208159,0.00028293245128460176
4,5,0.0029996009557506074,0.005,0.0022107228477218355,0.0007888781080287719
5,6,0.0032287808150187045,0.006,0.0024337348108159906,0.0007950460042027139
6,7,0.004253923429294454,0.007,0.00299052182166315,0.0012634016076313037
7,8,0.004815608730919477,0.008,0.0036622770890762935,0.0011533316418431833
8,9,0.0055881971519385456,0.009,0.004892816854787041,0.0006953802971515046
9,10,0.0060793701587614464,0.01,0.005100344840225479,0.0009790253185359673
10,11,0.006341690200540093,0.011,0.006137672614923484,0.00020401758561660894
11,12,0.007698186211147432,0.012,0.006150971633935409,0.0015472145772120229
12,13,0.009347521704317779,0.013,0.006663498095288656,0.002684023609029123
13,14,0.00960788829699526,0.014,0.008656043908535138,0.000951844388460122
14,15,0.011316226800585272,0.015,0.009708369229041613,0.0016078575715436586
15,16,0.011530605150168112,0.016,0.012818725552969479,0.0012881204028013672
16,17,0.014950568794715484,0.017,0.017136328043204085,0.002185759248488602
17,18,0.015867701273349907,0.018,0.019053515067765425,0.0031858137944155186
18,19,0.017944519882064556,0.019,0.02010599228296872,0.002161472400904165
19,20,0.01891601552204975,0.02,0.021401352911267657,0.0024853373892179086
20,21,0.01909240382681247,0.021,0.022573653736202237,0.003481249909389767
21,22,0.022083700179161364,0.022,0.023377353844456605,0.0012936536652952413
22,23,0.022405038598182162,0.023,0.02589682380787406,0.0034917852096918965
23,24,0.022799546840972986,0.024,0.027368666176864842,0.004569119335891856
24,25,0.026339687419282127,0.025,0.029745098537289683,0.0034054111180075557
25,26,0.026876290806977215,0.026,0.030491717009849317,0.0036154262028721025
26,27,0.028375181382696693,0.027,0.031896837972763104,0.0035216565900664104
27,28,0.029355479883661252,0.028,0.03378801958832589,0.004432539704664638
28,29,0.029635292026044473,0.029,0.0350196064670909,0.00538431444104643
29,30,0.031403776272853734,0.03,0.03563077599712483,0.004226999724271097
30,31,0.031638791799377085,0.031,0.03674708672599125,0.005108294926614167
31,32,0.03165654886125426,0.032,0.03689881145034801,0.0052422625890937505
32,33,0.033053754378600864,0.033,0.03735250232339571,0.004298747944794845
33,34,0.03424309940740611,0.034,0.03739495566968776,0.0031518562622816493
34,35,0.034572110527461446,0.035,0.03923385905419552,0.004661748526734073
35,36,0.03505950748690381,0.036,0.04189117510589335,0.00683166761898954
36,37,0.03558770196306878,0.037,0.042556948624387525,0.006969246661318748
37,38,0.03636761896143091,0.038,0.04337515943440984,0.0070075404729789265
38,39,0.04107476726224402,0.039,0.045576241460039246,0.004501474197795223
39,40,0.04142043881184442,0.04,0.047681677406529066,0.006261238594684644
40,41,0.0453407163942888,0.041,0.04886022793511391,0.00351951154082511
41,42,0.04704461621448613,0.042,0.05098456620031633,0.0039399499858302
42,43,0.047464513707656655,0.043,0.051689353729536536,0.00422484002187988
43,44,0.04763860257698158,0.044,0.05174754289563144,0.004108940318649855
44,45,0.04869745022090965,0.045,0.05191659832981843,0.003219148108908783
45,46,0.05004306838384041,0.046,0.05323851753529463,0.00319544915145422
46,47,0.050083983712868756,0.047,0.05391596375399155,0.0038319800411227914
47,48,0.05048163563501166,0.048,0.05412528478546641,0.0036436491504547516
48,49,0.050602594414075185,0.049,0.05473954470570985,0.004136950291634668
49,50,0.051616711100384925,0.05,0.058888854296019644,0.0072721431956347185
50,51,0.05346163504452521,0.051,0.05909790961374062,0.005636274569215408
51,52,0.053694391182481496,0.052,0.06067977538444791,0.006985384201966413
52,53,0.055278790674767826,0.053,0.06133746553617203,0.006058674861404205
53,54,0.05560618688147803,0.054,0.06276382812007142,0.007157641238593387
54,55,0.05644066261893169,0.055,0.06382391639101648,0.007383253772084784
55,56,0.05747527119586024,0.056,0.06482959835620095,0.007354327160340707
56,57,0.057722928029356024,0.057,0.06633544147254089,0.008612513443184866
57,58,0.06014246542944688,0.058,0.06953224141676229,0.009389775987315406
58,59,0.06056432754758947,0.059,0.06959425561966026,0.009029928072070793
59,60,0.06173137997357705,0.06,0.06965905298431696,0.007927673010739912
60,61,0.06380362299448047,0.061,0.07007689028830533,0.006273267293824852
61,62,0.06519387292917532,0.062,0.07108438070901313,0.005890507779837809
62,63,0.06535626764658664,0.063,0.07285252943452214,0.007496261787935499
63,64,0.06629027848424869,0.064,0.0731079462577473,0.006817667773498612
64,65,0.06684223751856118,0.065,0.07377695609208923,0.006934718573528051
65,66,0.06684976633025788,0.066,0.07689448732157922,0.010044720991321338
66,67,0.07033520847108923,0.067,0.07717531683850687,0.0068401083674176355
67,68,0.07063487082283705,0.068,0.07728093823936277,0.006646067416525722
68,69,0.07106356512339021,0.069,0.07959723970630184,0.008533674582911627
69,70,0.07268588294865838,0.07,0.07989916973330202,0.007213286784643641
70,71,0.07286904941912231,0.071,0.08020335265306366,0.007334303233941353
71,72,0.07351095558773305,0.072,0.0805675995206262,0.007056643932893153
72,73,0.07374907521239904,0.073,0.08189677902179615,0.008147703809397111
73,74,0.07385032720577453,0.074,0.08422873508296103,0.010378407877186496
74,75,0.0768217589132589,0.075,0.08757383690466225,0.010752077991403347
75,76,0.07732431780422308,0.076,0.08831979799069856,0.010995480186475476
76,77,0.07826320830651709,0.077,0.08912160636779365,0.010858398061276558
77,78,0.07991688469420974,0.078,0.09235765766898041,0.01244077297477067
78,79,0.08032203702271079,0.079,0.09326533126562053,0.012943294242909742
79,80,0.08035308172942748,0.08,0.09613272131427042,0.015779639584842936
80,81,0.08100551929371688,0.081,0.09922615410070157,0.018220634806984687
81,82,0.08106079747949764,0.082,0.10008814678605582,0.01902734930655818
82,83,0.08173760961822123,0.083,0.10024012290930984,0.01850251329108861
83,84,0.0825065398041655,0.084,0.10080641679562852,0.018299876991463015
84,85,0.08308571301544351,0.085,0.10649147914294377,0.023405766127500255
85,86,0.08899266323493452,0.086,0.10760185807970168,0.01860919484476717
86,87,0.0898530986578451,0.087,0.10869065849709358,0.01883755983924848
87,88,0.09073289488010709,0.088,0.10982886713016393,0.01909597225005684
88,89,0.09099033665423763,0.089,0.11380361192775634,0.022813275273518716
89,90,0.09196489075755929,0.09,0.11474912809064308,0.022784237333083796
90,91,0.0921736299489502,0.091,0.11493860558899793,0.02276497564004773
91,92,0.09454880333251729,0.092,0.11580809019334248,0.02125928686082519
92,93,0.09642855315302896,0.093,0.11628443679604183,0.01985588364301287
93,94,0.09653827412824066,0.094,0.11653337593346125,0.019995101805220586
94,95,0.09743254217199634,0.095,0.1177692883778072,0.020336746205810857
95,96,0.09986560749815107,0.096,0.1191031755005606,0.019237568002409527
96,97,0.10163737791666638,0.097,0.1206596068794642,0.019022228962797816
97,98,0.10343392803493605,0.098,0.12080515078030307,0.017371222745367024
98,99,0.10379728446891405,0.099,0.1222032189674036,0.018405934498489554
99,100,0.10457936027300514,0.1,0.12369136366443045,0.01911200339142531
100,101,0.10496914298505017,0.101,0.12544905782340288,0.02047991483835271
101,102,0.10518483822475413,0.102,0.12549857259329467,0.02031373436854053
102,103,0.10718051814808534,0.103,0.12699629010041458,0.01981577195232924
103,104,0.1077388097102469,0.104,0.12778970410212698,0.020050894391880084
104,105,0.11001846385654922,0.105,0.1282899120497606,0.018271448193211373
105,106,0.11001942870673696,0.106,0.1303819282150882,0.020362499508351242
106,107,0.11307059466516162,0.107,0.13123087619112084,0.01816028152595922
107,108,0.1136756693542356,0.108,0.1319970407403387,0.018321371386103083
108,109,0.11447458486746745,0.109,0.13368540094608272,0.019210816078615273
109,110,0.11657104553495116,0.11,0.13616069632945116,0.019589650794499994
110,111,0.11723781801631572,0.111,0.137061986836034,0.01982416881971827
111,112,0.11743693524852253,0.112,0.13737733601312097,0.019940400764598437
112,113,0.12173956219187917,0.113,0.13744328192286626,0.01570371973098708
113,114,0.12250689329696209,0.114,0.13783482960230165,0.01532793630533956
114,115,0.12294975161689788,0.115,0.1379835324708214,0.015033780853923526
115,116,0.12363737408241135,0.116,0.1397148730971992,0.01607749901478786
116,117,0.12384877359673789,0.117,0.1404242504608687,0.016575476864130814
117,118,0.12439070740919128,0.118,0.1419431573357618,0.017552449926570513
118,119,0.12494491325921608,0.119,0.14417112364158757,0.01922621038237149
119,120,0.12536537559952837,0.12,0.1442207706444032,0.018855395044874823
120,121,0.12593281740598977,0.121,0.14613193650865508,0.02019911910266531
121,122,0.12603080604506228,0.122,0.14711528158886278,0.021084475543800496
122,123,0.12671215884700052,0.123,0.15173591163124278,0.025023752784242265
123,124,0.1294815438471183,0.124,0.15270012156220625,0.02321857771508795
124,125,0.13042726187520998,0.125,0.15482419020409577,0.024396928328885792
125,126,0.13102306059143648,0.126,0.15573369092856426,0.02471063033712778
126,127,0.13118853146731319,0.127,0.15640251771311364,0.025213986245800457
127,128,0.13153778814316625,0.128,0.15644589592576252,0.024908107782596278
128,129,0.13403914176581389,0.129,0.156859612940916,0.02282047117510211
129,130,0.1351093683089639,0.13,0.15814512557393978,0.023035757264975892
130,131,0.13533221564038295,0.131,0.16005652249993374,0.024724306859550793
131,132,0.13645493804312075,0.132,0.16105738789816149,0.02460244985504073
132,133,0.13919499895497925,0.133,0.16192521429323947,0.022730215338260223
133,134,0.1407104847676635,0.134,0.16669126503857834,0.025980780270914827
134,135,0.14181977144527239,0.135,0.16736031347056568,0.025540542025293295
135,136,0.14202103211638567,0.136,0.16790312931487072,0.025882097198485055
136,137,0.1430452601718927,0.137,0.16801048892316794,0.024965228751275242
137,138,0.1433020551424949,0.138,0.16903516745961789,0.025733112317122997
138,139,0.14368415071800544,0.139,0.16953093517671913,0.02584678445871369
139,140,0.1441424554885097,0.14,0.1698077298654017,0.025665274376892006
140,141,0.1448974549513764,0.141,0.1702774426528586,0.0253799877014822
141,142,0.1461956338706406,0.142,0.1702839839264646,0.024088350055823993
142,143,0.14753300330952415,0.143,0.17336670802237952,0.02583370471285537
143,144,0.148151562152501,0.144,0.1740442785848565,0.025892716432355495
144,145,0.1483904086744368,0.145,0.17449025479458824,0.026099846120151426
145,146,0.14878742170929324,0.146,0.17508765323747344,0.0263002315281802
146,147,0.1492513893867151,0.147,0.1757417978667697,0.0264904084800546
147,148,0.15031153343166762,0.148,0.1757427428837539,0.025431209452086295
148,149,0.15033505957123594,0.149,0.17679248426411387,0.02645742469287793
149,150,0.15039388935565665,0.15,0.17699889756992315,0.026605008214266507
150,151,0.1512168902676631,0.151,0.17781039233131846,0.02659350206365535
151,152,0.1533151106691524,0.152,0.1784976628587982,0.025182552189645796
152,153,0.1536044795781395,0.153,0.18215794478121605,0.028553465203076556
153,154,0.1537199770816229,0.154,0.1831142616684749,0.029394284586851976
154,155,0.15541387961963837,0.155,0.1878290498334665,0.032415170213828115
155,156,0.15587290150852542,0.156,0.18810857459280583,0.03223567308428041
156,157,0.15773117968706934,0.157,0.1903402233675381,0.03260904368046874
157,158,0.1592161153253243,0.158,0.19266135324778189,0.0334452379224576
158,159,0.15957980144749387,0.159,0.19339126989790856,0.03381146845041469
159,160,0.15975769849482815,0.16,0.19402244496554577,0.034264746470717616
160,161,0.15976752255101107,0.161,0.19528795084467365,0.03552042829366259
161,162,0.16008316220719515,0.162,0.19626020600939031,0.03617704380219516
162,163,0.160273919422307,0.163,0.19911947431456112,0.03884555489225411
163,164,0.16074891116504972,0.164,0.20021867943382077,0.03946976826877105
164,165,0.16102914240259172,0.165,0.20063516173717577,0.03960601933458405
165,166,0.1614194154559725,0.166,0.2007584311336802,0.0393390156777077
166,167,0.16168770900074753,0.167,0.20122818471763326,0.03954047571688574
167,168,0.16219855200601674,0.168,0.20291741967392263,0.04071886766790589
168,169,0.16220381863517866,0.169,0.20332522614299808,0.041121407507819424
169,170,0.1630810555830044,0.17,0.20437523340138908,0.04129417781838468
170,171,0.1659275363972073,0.171,0.20607915818106892,0.04015162178386161
171,172,0.16650720041548236,0.172,0.20622350945589063,0.039716309040408265
172,173,0.16731280655009337,0.173,0.20832584811106702,0.041013041560973656
173,174,0.17079624215643677,0.174,0.20996971743635262,0.039173475279915854
174,175,0.17115523301584423,0.175,0.21117602170006933,0.040020788684225095
175,176,0.17117892865612122,0.176,0.2113438525624135,0.04016492390629228
176,177,0.17137933716707832,0.177,0.2116053816677287,0.04022604450065037
177,178,0.17597425830363028,0.178,0.21177563986658865,0.03580138156295837
178,179,0.176880368579589,0.179,0.21531273748757995,0.038432368907990955
179,180,0.17832770393152148,0.18,0.2165656422408494,0.038237938309327923
180,181,0.18089590881992873,0.181,0.22045028684147416,0.03955437802154543
181,182,0.18119578304756237,0.182,0.22079692477087243,0.03960114172331006
182,183,0.1868247441886108,0.183,0.22197444759939233,0.035149703410781524
183,184,0.1882757969146016,0.184,0.22208207498865806,0.03380627807405645
184,185,0.18954858844613126,0.185,0.2232531019574041,0.03370451351127285
185,186,0.1918238374366536,0.186,0.22328310761771863,0.031459270181065035
186,187,0.19198375623299915,0.187,0.22513471285106867,0.03315095661806952
187,188,0.19396747285219257,0.188,0.22513476297039836,0.031167290118205793
188,189,0.19467886732643416,0.189,0.22566431970654655,0.030985452380112383
189,190,0.1963074385171325,0.19,0.22569853718195199,0.02939109866481948
190,191,0.19807993583291766,0.191,0.2262459478408254,0.028166012007907748
191,192,0.19955474706345924,0.192,0.22719737227154224,0.027642625208083
192,193,0.1997571993618073,0.193,0.22892005439483198,0.02916285503302468
193,194,0.20064452951804015,0.194,0.22912748842581565,0.028482958907775496
194,195,0.20244934745246979,0.195,0.23168566363288612,0.029236316180416333
195,196,0.20248197028528991,0.196,0.23187699987487775,0.02939502958958784
196,197,0.20325033469276985,0.197,0.23290303173529558,0.02965269704252574
197,198,0.20456291977528618,0.198,0.23393869617191965,0.02937577639663347
198,199,0.2052618801618283,0.199,0.23417791781308905,0.028916037651260745
199,200,0.20534130893896393,0.2,0.23419616329990978,0.028854854360945842
200,201,0.20956230592427882,0.201,0.23427764828592523,0.02471534236164641
201,202,0.21151895737811874,0.202,0.23490902984356155,0.023390072465442807
202,203,0.2127515148430837,0.203,0.23593314811806598,0.023181633274982294
203,204,0.21354679959525671,0.204,0.23632507896113208,0.02277827936587537
204,205,0.2138521774736476,0.205,0.236445085369266,0.022592907895618408
205,206,0.21524838414753247,0.206,0.23853201101349986,0.023283626865967383
206,207,0.21553198211618327,0.207,0.23898782314188582,0.023455841025702556
207,208,0.2158258921540463,0.208,0.2415215403408676,0.025695648186821296
208,209,0.21638614973816375,0.209,0.24179019907787147,0.02540404933970772
209,210,0.21895918632809036,0.21,0.24234868433781054,0.023389498009720178
210,211,0.21941064541200672,0.211,0.24241606649063063,0.02300542107862391
211,212,0.22051553298743234,0.212,0.24260141053992923,0.022085877552496885
212,213,0.22068514778310672,0.213,0.24377734296979936,0.023092195186692643
213,214,0.22165645948688334,0.214,0.24693771210830895,0.02528125262142561
214,215,0.22166731731112455,0.215,0.2480571084924943,0.02638979118136975
215,216,0.22480119542442317,0.216,0.24995444217325902,0.025153246748835845
216,217,0.22700772165647137,0.217,0.2503265745454518,0.023318852888980446
217,218,0.23026974975609674,0.218,0.2527620759791709,0.02249232622307415
218,219,0.2305718847692813,0.219,0.2546415391104139,0.024069654341132563
219,220,0.2318953416458775,0.22,0.2562881911101278,0.0243928494642503
220,221,0.23207809414345681,0.221,0.2562903676401461,0.024212273496689307
221,222,0.2326076097006945,0.222,0.25680114775403073,0.02419353805333624
222,223,0.23286698117520055,0.223,0.25731728006383103,0.024450298888630484
223,224,0.23319487843345613,0.224,0.2579977536632122,0.024802875229756077
224,225,0.23359919303730092,0.225,0.2583919773146084,0.024792784277307467
225,226,0.2336914982803592,0.226,0.25983649458684754,0.02614499630648834
226,227,0.2354027187616577,0.227,0.2606034814552082,0.025200762693550482
227,228,0.23777443367884235,0.228,0.2608682786345363,0.02309384495569397
228,229,0.23801933519449986,0.229,0.26129357313351675,0.023274237939016895
229,230,0.2384103742606986,0.23,0.26319746317597326,0.024787088915274647
230,231,0.23991080477829593,0.231,0.26325857642151507,0.023347771643219134
231,232,0.24044047633206495,0.232,0.2655798346957904,0.02513935836372544
232,233,0.2432285017535223,0.233,0.26810526372953825,0.024876761976015932
233,234,0.24375031620438692,0.234,0.2686275475610287,0.02487723135664177
234,235,0.24405424680749618,0.235,0.2710703327033459,0.027016085895849723
235,236,0.244586221056332,0.236,0.27118765603696615,0.026601434980634164
236,237,0.24514233239234534,0.237,0.27203353578898604,0.026891203396640695
237,238,0.24673314543754474,0.238,0.2731263907089416,0.026393245271396887
238,239,0.24703888560041734,0.239,0.27318937399244525,0.02615048839202791
239,240,0.24784175830327057,0.24,0.27491710483818677,0.027075346534916195
240,241,0.2501255940879349,0.241,0.2767121726419217,0.026586578553986828
241,242,0.2501552720787727,0.242,0.27860918069365914,0.028453908614886447
242,243,0.25142211664999936,0.243,0.27982987320629515,0.028407756556295793
243,244,0.2515275977791881,0.244,0.280137347849612,0.02860975007042388
244,245,0.2521264065299772,0.245,0.2802581279184474,0.0281317213884702
245,246,0.2530573635609156,0.246,0.28152838611147346,0.028471022550557834
246,247,0.2539222814393799,0.247,0.2820942959813546,0.02817201454197471
247,248,0.2549574781465146,0.248,0.28452079581985723,0.029563317673342637
248,249,0.2571686558691639,0.249,0.2849461778282586,0.02777752195909472
249,250,0.2588427575579112,0.25,0.2864243478704026,0.02758159031249141
250,251,0.2590141921578973,0.251,0.2864777166810175,0.02746352452312023
251,252,0.2617785191451099,0.252,0.28914359746954654,0.02736507832443663
252,253,0.26245299366417013,0.253,0.28936186386397356,0.026908870199803425
253,254,0.2636202477214952,0.254,0.2901588246146245,0.026538576893129273
254,255,0.263662927441142,0.255,0.2914515124431106,0.027788585001968624
255,256,0.2641334562861051,0.256,0.29219794709215563,0.028064490806050557
256,257,0.2661191580193672,0.257,0.2934775302509174,0.027358372231550188
257,258,0.2661445072228762,0.258,0.29539241231839963,0.02924790509552344
258,259,0.26661332103731733,0.259,0.29661597893152336,0.03000265789420603
259,260,0.26921474201102497,0.26,0.2981075399614127,0.02889279795038774
260,261,0.2693172722446347,0.261,0.2981276675990683,0.028810395354433582
261,262,0.27270996676418463,0.262,0.301248811720925,0.02853884495674036
262,263,0.27325111128075563,0.263,0.30194809922186594,0.028696987941110308
263,264,0.27420973278312466,0.264,0.3019521361137041,0.027742403330579424
264,265,0.2745881477718186,0.265,0.3045752876044321,0.029987139832613474
265,266,0.27490684030340373,0.266,0.30459385748737056,0.029687017183966824
266,267,0.27535305324725484,0.267,0.3046997948672472,0.029346741619992345
267,268,0.27664696484648016,0.268,0.3050785947698229,0.02843162992334275
268,269,0.2766675643048564,0.269,0.3085304994193223,0.03186293511446592
269,270,0.2770818002880932,0.27,0.30902058289807877,0.03193878260998556
270,271,0.2771981611276037,0.271,0.30907447605719085,0.031876314929587146
271,272,0.27879572765845606,0.272,0.3095510092135326,0.030755281555076563
272,273,0.27892856731960947,0.273,0.3100919580251156,0.03116339070550611
273,274,0.27929304832559687,0.274,0.31139391837061503,0.03210087004501816
274,275,0.27951174288965375,0.275,0.3117403781764221,0.03222863528676834
275,276,0.280103728771258,0.276,0.3136373409385256,0.03353361216726758
276,277,0.2802889231966291,0.277,0.3140088221291949,0.03371989893256577
277,278,0.2821558854925241,0.278,0.3154111006064906,0.03325521511396651
278,279,0.2840350369382813,0.279,0.3157468642249981,0.03171182728671679
279,280,0.28594238603764327,0.28,0.31605434833685375,0.030111962299210482
280,281,0.28721237149425427,0.281,0.31614271247131653,0.028930340977062263
281,282,0.28865446303442793,0.282,0.31624750992569794,0.027593046891270012
282,283,0.2893162031142582,0.283,0.3165017011329445,0.027185498018686305
283,284,0.28976646451734306,0.284,0.316806278110774,0.02703981359343094
284,285,0.29099980056798075,0.285,0.31715153700260823,0.02615173643462748
285,286,0.2915253677831615,0.286,0.3177247089107543,0.026199341127592812
286,287,0.2924679989425782,0.287,0.3182291215136097,0.025761122571031525
287,288,0.29304344593223347,0.288,0.3193726559380504,0.02632921000581695
288,289,0.2970221099895528,0.289,0.32235296604891694,0.025330856059364137
289,290,0.2970641768989452,0.29,0.3239037525340299,0.02683957563508471
290,291,0.3001217466313959,0.291,0.32423723280145833,0.024115486170062428
291,292,0.3063218310970449,0.292,0.3262785336240679,0.019956702527022974
292,293,0.3083274910730903,0.293,0.3280847720858743,0.019757281012783956
293,294,0.310168938390058,0.294,0.3302189806240815,0.020050042234023513
294,295,0.3107388658964722,0.295,0.3314380057797415,0.02069913988326927
295,296,0.31160518774371837,0.296,0.3330684050793571,0.021463217335638718
296,297,0.3146988839445165,0.297,0.3352277056667813,0.02052882172226478
297,298,0.31573241265291924,0.298,0.33541129332241293,0.019678880669493692
298,299,0.3160073381457512,0.299,0.3366367536170052,0.020629415471253965
299,300,0.31753953654204475,0.3,0.3368111299888745,0.01927159344682977
300,301,0.3187778803141685,0.301,0.33749500397639487,0.018717123662226387
301,302,0.3190329411621359,0.302,0.3383700017712188,0.019337060609082912
302,303,0.3191775881308958,0.303,0.3384031707356012,0.019225582604705416
303,304,0.31924967389518843,0.304,0.3385210434297965,0.019271369534608063
304,305,0.3206113280358777,0.305,0.33863301221815256,0.018021684182274844
305,306,0.3206422954428207,0.306,0.34162435869287366,0.020982063250052974
306,307,0.321560090091806,0.307,0.34356300913021975,0.022002919038413782
307,308,0.32342888010825444,0.308,0.3435919416171921,0.020163061508937652
308,309,0.3272275567647198,0.309,0.3439912261789775,0.016763669414257665
309,310,0.32823422613005815,0.31,0.3490679341414149,0.020833708011356755
310,311,0.32905610340137786,0.311,0.35096632840266084,0.02191022500128298
311,312,0.3294342883533958,0.312,0.3526695687592235,0.02323528040582773
312,313,0.3295788705952367,0.313,0.3536789978958451,0.024100127300608398
313,314,0.32966638837459794,0.314,0.35374113289358444,0.0240747445189865
314,315,0.330758351055327,0.315,0.35401245095957223,0.023254099904245207
315,316,0.3311749553918722,0.316,0.35477293919178376,0.02359798379991157
316,317,0.33292831449440136,0.317,0.35548064133407453,0.022552326839673176
317,318,0.33430675246487684,0.318,0.3556358940420761,0.02132914157719923
318,319,0.3380846997434668,0.319,0.3558716025776264,0.017786902834159624
319,320,0.338509594713575,0.32,0.3577514873897425,0.019241892676167494
320,321,0.3391191574461382,0.321,0.35877200842637136,0.019652850980233172
321,322,0.3436133765352952,0.322,0.36060934511909504,0.016995968583799814
322,323,0.34381755876532644,0.323,0.36128433726228215,0.017466778496955715
323,324,0.344455532424364,0.324,0.3614543650822293,0.01699883265786528
324,325,0.3445764898064437,0.325,0.3617619858046178,0.01718549599817415
325,326,0.3458717373879029,0.326,0.3620305243186036,0.01615878693070072
326,327,0.3474916682334112,0.327,0.36221549461037594,0.014723826376964733
327,328,0.34952414471168264,0.328,0.3627922582966715,0.013268113584988861
328,329,0.3495290579039273,0.329,0.363287141887331,0.013758083983403724
329,330,0.35101524803369083,0.33,0.3635351744949551,0.012519926461264264
330,331,0.35131874370915755,0.331,0.36451666498062996,0.013197921271472401
331,332,0.3569249777854071,0.332,0.3649659232200396,0.008040945434632518
332,333,0.3575256803806525,0.333,0.3651597946825106,0.007634114301858064
333,334,0.35767177369337144,0.334,0.36614040797070424,0.008468634277332798
334,335,0.35926497930626616,0.335,0.3663251011336448,0.00706012182737864
335,336,0.3593794164989979,0.336,0.36674452519870504,0.007365108699707135
336,337,0.3596578279322283,0.337,0.36735122427575106,0.007693396343522785
337,338,0.3620836261483299,0.338,0.3678386478762661,0.005755021727936183
338,339,0.36240014357604095,0.339,0.3684499270057675,0.006049783429726563
339,340,0.36515806026996955,0.34,0.3687231174758119,0.0035650572058423258
340,341,0.36533867072562626,0.341,0.3702035602923095,0.004864889566683239
341,342,0.36533902881915636,0.342,0.37061873616028207,0.005279707341125706
342,343,0.36739483027131986,0.343,0.37187285972261874,0.004478029451298882
343,344,0.36820267251143357,0.344,0.3730520916260378,0.0048494191146042365
344,345,0.36856214020799943,0.345,0.37343466223067223,0.004872522022672798
345,346,0.36904046282593184,0.346,0.3741565145373097,0.005116051711377856
346,347,0.3697420076326197,0.347,0.37418839978855567,0.004446392155935952
347,348,0.3702262758138712,0.348,0.37473302211429416,0.00450674630042297
348,349,0.37146574648631075,0.349,0.3783601995158351,0.00689445302952435
349,350,0.37190968653741746,0.35,0.38002963434377857,0.008119947806361105
350,351,0.3725197670853323,0.351,0.380188159839733,0.007668392754400677
351,352,0.37335931713383613,0.352,0.38196009801289654,0.00860078087906041
352,353,0.3742493965543105,0.353,0.3824969526677585,0.008247556113448018
353,354,0.3753100616742438,0.354,0.38342505598901855,0.008114994314774748
354,355,0.3768165569644498,0.355,0.38473840628006295,0.007921849315613128
355,356,0.37736405496362785,0.356,0.38498026303825805,0.007616208074630204
356,357,0.37748453737119425,0.357,0.3860865013819609,0.008601964010766627
357,358,0.3775504046946533,0.358,0.3872871215750131,0.00973671688035982
358,359,0.37836619530728377,0.359,0.3873330480400199,0.00896685273273612
359,360,0.38011459604842335,0.36,0.39061191571090237,0.010497319662479021
360,361,0.38060830039000526,0.361,0.3906158360861881,0.010007535696182845
361,362,0.38195493136623637,0.362,0.39069161073423964,0.008736679368003264
362,363,0.3823168996639163,0.363,0.39441407053252053,0.012097170868604235
363,364,0.3826195976615975,0.364,0.39443762763638135,0.011818029974783872
364,365,0.382821503273594,0.365,0.3971943716907411,0.014372868417147133
365,366,0.3829685148703719,0.366,0.39897376456965783,0.016005249699285906
366,367,0.3834156507548949,0.367,0.39926584856030356,0.01585019780540864
367,368,0.3835020774898595,0.368,0.4005049372996059,0.017002859809746418
368,369,0.3841421480216748,0.369,0.4022740891517549,0.018131941130080098
369,370,0.385769433055897,0.37,0.4036359777249249,0.017866544669027873
370,371,0.3858147037149475,0.371,0.40376946182848517,0.01795475811353764
371,372,0.38772533712337043,0.372,0.4039512018416751,0.016225864718304672
372,373,0.38783121872126647,0.373,0.40540474143526384,0.01757352271399737
373,374,0.38882323791683804,0.374,0.4062148827423032,0.01739164482546518
374,375,0.3890602273815592,0.375,0.40759052192423284,0.01853029454267363
375,376,0.38917188643904954,0.376,0.4081736763589473,0.01900178991989776
376,377,0.389314169711114,0.377,0.4092183711628701,0.019904201451756087
377,378,0.3895004644941075,0.378,0.41001898914421087,0.020518524650103342
378,379,0.38973141107230047,0.379,0.41236925959347215,0.022637848521171677
379,380,0.3898535856929857,0.38,0.41242196506104145,0.022568379368055724
380,381,0.39096661395903987,0.381,0.4133048975895497,0.022338283630509825
381,382,0.3930176037331194,0.382,0.4138793469709674,0.020861743237848007
382,383,0.398143690730512,0.383,0.41405128133611546,0.015907590605603483
383,384,0.4016921782874,0.384,0.41406218239367654,0.012370004106276533
384,385,0.40183290531944155,0.385,0.4140797493410555,0.012246844021613967
385,386,0.4027398868476692,0.386,0.4143064938940274,0.011566607046358202
386,387,0.40358108673411475,0.387,0.4152577240450126,0.011676637310897853
387,388,0.40578630818323524,0.388,0.4155750823815364,0.009788774198301153
388,389,0.40753774317332436,0.389,0.4197337462485897,0.01219600307526536
389,390,0.40817745048933546,0.39,0.4199211531817869,0.011743702692451452
390,391,0.4087666936259562,0.391,0.4210115251303227,0.012244831504366505
391,392,0.4103130355525357,0.392,0.42140721081750565,0.011094175264969974
392,393,0.4120807705503333,0.393,0.4220323600925272,0.009951589542193884
393,394,0.41224794993747393,0.394,0.424133467651171,0.011885517713697058
394,395,0.41349422718095324,0.395,0.42493462316764774,0.011440395986694496
395,396,0.41402848317009794,0.396,0.42925368911648665,0.015225205946388709
396,397,0.41429326330045857,0.397,0.430863208981891,0.01656994568143244
397,398,0.4153946155753893,0.398,0.4311078405938211,0.01571322501843181
398,399,0.41556021963039425,0.399,0.432833702659018,0.01727348302862375
399,400,0.41599935685098144,0.4,0.43316665545736877,0.017167298606387327
400,401,0.4160074002184008,0.401,0.43648310569962445,0.020475705481223627
401,402,0.4164754252026209,0.402,0.4397702841412632,0.023294858938642304
402,403,0.41679636035896667,0.403,0.43993637708554356,0.023140016726576895
403,404,0.4174859744578069,0.404,0.44035558453335066,0.022869610075543778
404,405,0.41772371596550745,0.405,0.440956866788632,0.02323315082312455
405,406,0.4200380711909561,0.406,0.4411863216297739,0.021148250438817795
406,407,0.4215786505591025,0.407,0.44139102379981443,0.019812373240711945
407,408,0.42245981768819496,0.408,0.44308647153117686,0.0206266538429819
408,409,0.4225524810247833,0.409,0.4432213624698047,0.02066888144502138
409,410,0.423890475846776,0.41,0.4433928749598447,0.01950239911306867
410,411,0.4241335305497672,0.411,0.44470526287099854,0.02057173232123133
411,412,0.42433587481469653,0.412,0.4451442484206861,0.020808373605989583
412,413,0.4251911004191223,0.413,0.4453635818595688,0.020172481440446532
413,414,0.4264974130440957,0.414,0.4454209251751803,0.018923512131084563
414,415,0.42887329749244885,0.415,0.4460464249542053,0.017173127461756477
415,416,0.42947276655094363,0.416,0.4461066547883954,0.016633888237451766
416,417,0.4304460028328216,0.417,0.44633421829942554,0.01588821546660396
417,418,0.4306184078709308,0.418,0.4464007957057726,0.015782387834841816
418,419,0.4308477921555041,0.419,0.44651140957669755,0.015663617421193432
419,420,0.43190828265245457,0.42,0.44707367977243884,0.01516539711998427
420,421,0.4328772655841323,0.421,0.4478012661162727,0.01492400053214038
421,422,0.4360962395724357,0.422,0.44896187905588003,0.012865639483444324
422,423,0.4364114056510904,0.423,0.4492771415229244,0.012865735871834039
423,424,0.4364256763069079,0.424,0.44994447790530867,0.013518801598400798
424,425,0.43649120835423993,0.425,0.4508368666857112,0.014345658331471278
425,426,0.4366384495220326,0.426,0.45116145845276534,0.014523008930732717
426,427,0.43933032054422905,0.427,0.45141422112391283,0.012083900579683782
427,428,0.439725562669209,0.428,0.4516671144476233,0.011941551778414328
428,429,0.4400386593491019,0.429,0.45312830011397975,0.013089640764877841
429,430,0.44026808321488464,0.43,0.4533797140187483,0.013111630803863683
430,431,0.44126522142499,0.431,0.4535840550908605,0.012318833665870554
431,432,0.4413132157369113,0.432,0.4542863997844445,0.012973184047533226
432,433,0.4416326039664599,0.433,0.455626664348988,0.013994060382528095
433,434,0.44237031994497883,0.434,0.45801942709233734,0.01564910714735851
434,435,0.4427903361817777,0.435,0.4580348610717465,0.015244524889968802
435,436,0.4445192028975669,0.436,0.45896529139450926,0.014446088496942344
436,437,0.44485011764096566,0.437,0.4613982662091891,0.016548148568223453
437,438,0.4459298669574456,0.438,0.46211284295793453,0.016182976000488958
438,439,0.44602342669201245,0.439,0.46308746513427623,0.017064038442263785
439,440,0.4464895764582276,0.44,0.4632887998286934,0.0167992233704658
440,441,0.4468659425372565,0.441,0.4644628223907792,0.017596879853522707
441,442,0.4503474363360309,0.442,0.46548069063237263,0.015133254296341714
442,443,0.45073479248710663,0.443,0.4655043579943614,0.014769565507254778
443,444,0.45185122985944676,0.444,0.4655565813617484,0.013705351502301621
444,445,0.45230016925013633,0.445,0.4672866800361307,0.014986510785994389
445,446,0.45507239199014027,0.446,0.47071532178162767,0.015642929791487403
446,447,0.4553072841164224,0.447,0.4709538347404415,0.015646550624019095
447,448,0.4557515976278817,0.448,0.47259695997398454,0.016845362346102843
448,449,0.45716189614364966,0.449,0.47289064730423347,0.01572875116058381
449,450,0.4580458628284027,0.45,0.473531933236101,0.015486070407698282
450,451,0.4586501319234493,0.451,0.47411418379616566,0.015464051872716378
451,452,0.4597627694996832,0.452,0.475074403460475,0.015311633960791826
452,453,0.4604341729825522,0.453,0.47539034516046663,0.01495617217791445
453,454,0.46069733819956765,0.454,0.47542506805917695,0.014727729859609295
454,455,0.4622449793211394,0.455,0.4761062685799491,0.013861289258809695
455,456,0.4630587154361693,0.456,0.4763205177052805,0.013261802269111223
456,457,0.4633227342103248,0.457,0.4767552569982828,0.013432522787957979
457,458,0.46403052865715255,0.458,0.47825886182961563,0.014228333172463081
458,459,0.46444582495114106,0.459,0.4784640456942102,0.014018220743069132
459,460,0.46500704226317213,0.46,0.4791472870529899,0.01414024478981779
460,461,0.46753178139567925,0.461,0.48112684585658916,0.013595064460909911
461,462,0.46774136110569414,0.462,0.48132987756671075,0.013588516461016609
462,463,0.46791736849952364,0.463,0.48229568132610434,0.014378312826580697
463,464,0.4680747256931265,0.464,0.4837605293327756,0.015685803639649054
464,465,0.4681014225204016,0.465,0.48394513227494174,0.015843709754540136
465,466,0.4694984939272974,0.466,0.4842297298658238,0.014731235938526377
466,467,0.47126232854615074,0.467,0.4875339951657225,0.016271666619571745
467,468,0.472379946835516,0.468,0.4876904204444348,0.015310473608918795
468,469,0.47589622366982337,0.469,0.48983317187025754,0.013936948200434174
469,470,0.4764318030683472,0.47,0.4909391764802724,0.014507373411925206
470,471,0.47764077991137316,0.471,0.4918616365467622,0.014220856635389023
471,472,0.47773176500468134,0.472,0.4945609279515145,0.016829162946833176
472,473,0.4778043173615841,0.473,0.4949842735846305,0.01717995622304641
473,474,0.47977860759933416,0.474,0.49518875982788635,0.015410152228552187
474,475,0.4797828553615989,0.475,0.4961261561447776,0.016343300783178694
475,476,0.4838728348183785,0.476,0.49668361858152843,0.012810783763149924
476,477,0.484180463237772,0.477,0.49771456447042883,0.013534101232656859
477,478,0.4852860404575644,0.478,0.4981983796499745,0.012912339192410083
478,479,0.4853251755634906,0.479,0.49916682222020003,0.01384164665670945
479,480,0.48647070093381717,0.48,0.49976927484517586,0.013298573911358691
480,481,0.48651738301223024,0.481,0.5014436512204621,0.014926268208231841
481,482,0.4866811523617623,0.482,0.5027565897996312,0.016075437437868934
482,483,0.486849514062912,0.483,0.5035763399691259,0.016726825906213882
483,484,0.4885145493263912,0.484,0.5041837800172472,0.015669230690855962
484,485,0.4889431593422513,0.485,0.5058924608901986,0.01694930154794727
485,486,0.4896517030380907,0.486,0.507192246927291,0.017540543889200344
486,487,0.490817005974621,0.487,0.50821216763599,0.017395161661368952
487,488,0.4913430849515568,0.488,0.508693969834223,0.017350884882666173
488,489,0.4918407446201149,0.489,0.508950306154537,0.017109561534422058
489,490,0.49397668498287756,0.49,0.5092377512940275,0.015261066311149929
490,491,0.49424462648771916,0.491,0.5130731318758313,0.018828505388112093
491,492,0.49463091441180135,0.492,0.5159293634299804,0.021298449018179066
492,493,0.4951253395970563,0.493,0.5160006824688879,0.02087534287183157
493,494,0.4956910761518828,0.494,0.5182263297679229,0.02253525361604014
494,495,0.49658200121325535,0.495,0.5192348245723657,0.02265282335911034
495,496,0.4984801190432534,0.496,0.5197108810954891,0.02123076205223573
496,497,0.4986305630293817,0.497,0.5197434770245444,0.021112913995162685
497,498,0.4996573308015509,0.498,0.5198398842752241,0.020182553473673204
498,499,0.4997410324866609,0.499,0.5204687659379019,0.020727733451241015
499,500,0.49995533120816354,0.5,0.5212389941798595,0.021283662971695982
500,501,0.5007070947907433,0.501,0.5245948742355718,0.02388777944482856
501,502,0.5022747286140335,0.502,0.5250611612098531,0.022786432595819583
502,503,0.5045228947440734,0.503,0.5266378048443016,0.022114910100228147
503,504,0.5059558751554954,0.504,0.5267136468604574,0.020757771704961958
504,505,0.5059696112321548,0.505,0.5270400813593832,0.021070470127228402
505,506,0.506819952980997,0.506,0.527098253051308,0.02027830007031095
506,507,0.5096582279119912,0.507,0.5280967662272252,0.01843853831523401
507,508,0.513148490578471,0.508,0.5291732516373452,0.016024761058874182
508,509,0.5132737022420735,0.509,0.5296616000941297,0.016387897852056188
509,510,0.5139363722474949,0.51,0.53082361506566,0.016887242818165116
510,511,0.5144346661467266,0.511,0.5309134968295695,0.016478830682842838
511,512,0.5145902989965818,0.512,0.5312814770579645,0.01669117806138265
512,513,0.5146594576140211,0.513,0.5316631625773753,0.017003704963354238
513,514,0.516291963642599,0.514,0.5353555852724393,0.01906362162984032
514,515,0.5165314723348857,0.515,0.5377860527827968,0.021254580447911064
515,516,0.5169081052378324,0.516,0.5403057294075191,0.023397624169686715
516,517,0.5171453177543103,0.517,0.5415031623942376,0.024357844639927295
517,518,0.5177072163288049,0.518,0.5429741259476454,0.025266909618840483
518,519,0.5180835870644467,0.519,0.5442018086199624,0.026118221555515686
519,520,0.5184784226671226,0.52,0.5443010111422456,0.025822588475122976
520,521,0.5187732733407865,0.521,0.5445954740201601,0.025822200679373575
521,522,0.5191748642917605,0.522,0.5462524621924342,0.027077597900673656
522,523,0.5193032159094249,0.523,0.5465436936781093,0.027240477768684435
523,524,0.5193366345573853,0.524,0.5483011979143039,0.02896456335691855
524,525,0.5194163720679545,0.525,0.5506443514780514,0.031227979410096807
525,526,0.519988486319775,0.526,0.5513186178347667,0.031330131514991644
526,527,0.520960069038421,0.527,0.5532200582195266,0.03225998918110562
527,528,0.5220634641694201,0.528,0.5545936718885399,0.03253020771911985
528,529,0.5222146499539794,0.529,0.5574028057618802,0.0351881558079008
529,530,0.5228077133758029,0.53,0.5576681122272499,0.03486039885144698
530,531,0.5230724576502445,0.531,0.5585415225935333,0.03546906494328883
531,532,0.5237717402743975,0.532,0.5591223268280061,0.035350586553608565
532,533,0.5249874054104963,0.533,0.5592752760117154,0.034287870601219184
533,534,0.5256702487942159,0.534,0.5607521727323221,0.035081923938106274
534,535,0.5261232766910099,0.535,0.5632947903859348,0.037171513694924885
535,536,0.5261817074037072,0.536,0.5635334621702985,0.03735175476659136
536,537,0.5263378403737852,0.537,0.565750246055162,0.03941240568137683
537,538,0.5269287775861698,0.538,0.5660772966970595,0.03914851911088968
538,539,0.5274129987356313,0.539,0.5675257517388091,0.04011275300317785
539,540,0.5274390920658778,0.54,0.5678274126292558,0.040388320563378044
540,541,0.5285482679161002,0.541,0.5686103627192876,0.04006209480318734
541,542,0.5297001933351626,0.542,0.571008891174064,0.04130869783890134
542,543,0.5297473936945887,0.543,0.572298410967039,0.042551017272450364
543,544,0.5304895730365485,0.544,0.573717959078894,0.04322838604234547
544,545,0.5314272956603334,0.545,0.573856060589891,0.042428764929557605
545,546,0.5327672374121692,0.546,0.5740749374650175,0.04130770005284823
546,547,0.5341986462167458,0.547,0.5742259533567368,0.04002730713999092
547,548,0.5344498411447042,0.548,0.5755616383544205,0.04111179720971636
548,549,0.5348761913063359,0.549,0.5758621628924215,0.040985971586085634
549,550,0.5359563341066038,0.55,0.5764082627453857,0.04045192863878189
550,551,0.5362667690665772,0.551,0.5766941618819209,0.04042739281534369
551,552,0.5365282690788286,0.552,0.576760858545089,0.040232589466260404
552,553,0.5373039755678288,0.553,0.5773278354660814,0.04002385989825252
553,554,0.5374257413379037,0.554,0.5796855001337811,0.0422597587958774
554,555,0.5386612892796571,0.555,0.5801702370357686,0.04150894775611158
555,556,0.5395046749801863,0.556,0.5803006098665202,0.04079593488633393
556,557,0.5415346466663921,0.557,0.5816945749834045,0.04015992831701243
557,558,0.54171016884116,0.558,0.5828841828276778,0.04117401398651788
558,559,0.5423931491292981,0.559,0.5830139272500368,0.04062077812073861
559,560,0.5439483069553731,0.56,0.5838847403781183,0.03993643342274522
560,561,0.5440227126442002,0.561,0.5859400660437105,0.041917353399510304
561,562,0.5461366006853695,0.562,0.5860495661116614,0.03991296542629186
562,563,0.54697483663772,0.563,0.5870259219888982,0.040051085351178295
563,564,0.5487362847424747,0.564,0.587911428902953,0.03917514416047829
564,565,0.5518294263406793,0.565,0.5882601859964628,0.03643075965578346
565,566,0.5528621424701354,0.566,0.5904568404272815,0.037594697957146095
566,567,0.5539113458031376,0.567,0.5905709132539039,0.03665956745076626
567,568,0.5545838482466451,0.568,0.5908893856819004,0.03630553743525533
568,569,0.5561461386066611,0.569,0.5910725691000868,0.0349264304934257
569,570,0.5568357825078237,0.57,0.5938724156206829,0.03703663311285921
570,571,0.560914419852623,0.571,0.5951051076725234,0.03419068781990042
571,572,0.5614837196476216,0.572,0.5975800590102858,0.03609633936266421
572,573,0.5626020480704503,0.573,0.5988764410932418,0.03627439302279145
573,574,0.562611593195522,0.574,0.6023343650299984,0.03972277183447637
574,575,0.5648986806929571,0.575,0.6031332286248523,0.03823454793189518
575,576,0.5661826336598874,0.576,0.6044227164646679,0.03824008280478053
576,577,0.5715826077254408,0.577,0.6056465005928136,0.03406389286737277
577,578,0.5716548108363779,0.578,0.6061017124630811,0.034446901626703164
578,579,0.5724419232329548,0.579,0.6061858900547847,0.033743966821829896
579,580,0.572806522051248,0.58,0.6065423535531461,0.03373583150189807
580,581,0.5731829170012767,0.581,0.6067026084288335,0.03351969142755684
581,582,0.5743602814964766,0.582,0.6073243389333314,0.03296405743685482
582,583,0.5756791972441968,0.583,0.6077732731761539,0.03209407593195712
583,584,0.5761729611904235,0.584,0.6079217918639108,0.03174883067348733
584,585,0.5767166398357212,0.585,0.6081555391151126,0.031438899279391364
585,586,0.5767758603099621,0.586,0.608580832900266,0.031804972590303904
586,587,0.5777759959817752,0.587,0.610296595141606,0.03252059915983074
587,588,0.5798625063988672,0.588,0.610306385391396,0.030443878992528872
588,589,0.5812850951129966,0.589,0.6103856430394573,0.029100547926460663
589,590,0.5824211168021062,0.59,0.6128944819382879,0.030473365136181707
590,591,0.5847872004773408,0.591,0.6132686596344074,0.02848145915706657
591,592,0.5856745925665249,0.592,0.6134576171322602,0.027783024565735337
592,593,0.5860157858515231,0.593,0.6146393633065359,0.02862357745501276
593,594,0.5868619725046968,0.594,0.6150157925797981,0.028153820075101255
594,595,0.5871866231724557,0.595,0.6154266304871253,0.02824000731466958
595,596,0.5879889133330383,0.596,0.6179630657098846,0.029974152376846308
596,597,0.5881191220079172,0.597,0.6181753804342339,0.030056258426316762
597,598,0.5888880414836518,0.598,0.6200927691879217,0.031204727704269852
598,599,0.5889766428568292,0.599,0.6202250396781535,0.031248396821324298
599,600,0.589419232490202,0.6,0.620628447904263,0.031209215414060965
600,601,0.5898093355772129,0.601,0.6211198336576248,0.031310498080411864
601,602,0.5901086100331082,0.602,0.6247774482400249,0.034668838206916686
602,603,0.5904585638039087,0.603,0.6268302374476724,0.0363716736437637
603,604,0.5911135825287148,0.604,0.6293382922654306,0.03822470973671577
604,605,0.591588200811105,0.605,0.6294308151628057,0.037842614351700776
605,606,0.5935456578589723,0.606,0.629602483147028,0.03605682528805576
606,607,0.5959271917100657,0.607,0.6301942721605958,0.03426708045053006
607,608,0.5971685077981876,0.608,0.6303489568814795,0.033180449083291874
608,609,0.5974762302811613,0.609,0.6305760949011648,0.03309986462000358
609,610,0.5982166363849382,0.61,0.6308971695647045,0.03268053317976638
610,611,0.5993593091142174,0.611,0.6315906272138284,0.032231318099610995
611,612,0.600132651440861,0.612,0.6327753211756786,0.03264266973481755
612,613,0.6003937384115503,0.613,0.6337697672173084,0.03337602880575807
613,614,0.6010101077151532,0.614,0.6340927989890178,0.03308269127386465
614,615,0.6016376412481245,0.615,0.6352351024963049,0.033597461248180416
615,616,0.6022493953827067,0.616,0.6352705546245115,0.03302115924180482
616,617,0.6055381747919778,0.617,0.6363541980095596,0.03081602321758181
617,618,0.6056025515336555,0.618,0.636534943486498,0.030932391952842475
618,619,0.6056397038538194,0.619,0.6382393908515902,0.03259968699777083
619,620,0.6060012972941629,0.62,0.6388793168040728,0.032878019509909984
620,621,0.6076114674134233,0.621,0.6392452970009146,0.03163382958749128
621,622,0.6107376667720906,0.622,0.6397369509963379,0.028999284224247246
622,623,0.6111105641401887,0.623,0.6403036626451752,0.029193098504986525
623,624,0.6141255198112342,0.624,0.6416153118307789,0.027489792019544712
624,625,0.6163503656239949,0.625,0.6420749495106368,0.025724583886641894
625,626,0.6166104281398517,0.626,0.642295059943886,0.025684631804034352
626,627,0.6210456372336697,0.627,0.6424411862411195,0.021395549007449777
627,628,0.6216340258818278,0.628,0.6429871119193292,0.021353086037501412
628,629,0.6248492913436374,0.629,0.6439421677551184,0.01909287641148094
629,630,0.6268613704605314,0.63,0.6454436668188425,0.0185822963583111
630,631,0.6278303356970801,0.631,0.6456345251884219,0.01780418949134177
631,632,0.6287666566803897,0.632,0.6463101852690304,0.017543528588640722
632,633,0.6292691564323702,0.633,0.6469876186175579,0.01771846218518769
633,634,0.6295434178922061,0.634,0.6492313477903827,0.01968792989817658
634,635,0.6295718362692613,0.635,0.6497571556224726,0.02018531935321133
635,636,0.630488269790303,0.636,0.6517375326730662,0.021249262882763187
636,637,0.6316347181013016,0.637,0.6528904522857439,0.021255734184442376
637,638,0.6317632736786097,0.638,0.652915513388964,0.021152239710354293
638,639,0.6326385678875439,0.639,0.6530954055934679,0.02045683770592399
639,640,0.6327386999655229,0.64,0.65471559403981,0.021976894074287046
640,641,0.6334299066259665,0.641,0.6559034033253877,0.022473496699421114
641,642,0.6346194262777546,0.642,0.6570132319862975,0.02239380570854288
642,643,0.6347174395968753,0.643,0.6572255804781492,0.02250814088127384
643,644,0.6352053622879112,0.644,0.657941648838079,0.022736286550167795
644,645,0.63905792200894,0.645,0.6584642834218416,0.01940636141290164
645,646,0.6395232983117566,0.646,0.659194472795553,0.019671174483796405
646,647,0.6429788859761222,0.647,0.6593410764625627,0.016362190486440498
647,648,0.6430266870386091,0.648,0.6617121746835021,0.018685487644892973
648,649,0.6448979017533818,0.649,0.6644467422364556,0.019548840483073815
649,650,0.6464952042542841,0.65,0.6646407279592845,0.018145523705000444
650,651,0.6501277441392316,0.651,0.6660914100741616,0.015963665934930038
651,652,0.6512537415378046,0.652,0.6674299238314754,0.016176182293670793
652,653,0.6512945991248333,0.653,0.6678640047579447,0.016569405633111378
653,654,0.6515145365388666,0.654,0.6689345115873527,0.017419975048486136
654,655,0.651518574753552,0.655,0.6695298616244537,0.0180112868709017
655,656,0.6516460551189474,0.656,0.6697942774006589,0.018148222281711535
656,657,0.652058685967726,0.657,0.6707553283568279,0.01869664238910196
657,658,0.6526219200587934,0.658,0.6719358139647271,0.019313893905933743
658,659,0.6530115979970487,0.659,0.6733700088455744,0.020358410848525743
659,660,0.6539189622988547,0.66,0.6742185664344086,0.020299604135553873
660,661,0.6585935641352989,0.661,0.6747707965235339,0.016177232388234986
661,662,0.6590533301509234,0.662,0.6749037104446117,0.01585038029368835
662,663,0.6598875735233946,0.663,0.6750235950388619,0.015136021515467335
663,664,0.6613554966921711,0.664,0.6757209410530395,0.014365444360868396
664,665,0.661993511329402,0.665,0.6808683303916793,0.01887481906227728
665,666,0.6628930343607874,0.666,0.6814812213339609,0.01858818697317355
666,667,0.6641472855881543,0.667,0.6818381029249584,0.01769081733680411
667,668,0.6646888315047551,0.668,0.6823145228430426,0.017625691338287508
668,669,0.6653081083974373,0.669,0.6838377065813137,0.01852959818387645
669,670,0.665503455170199,0.67,0.6839851705764297,0.01848171540623067
670,671,0.6659731975132475,0.671,0.6839911724650103,0.018017974951762827
671,672,0.6668563315956184,0.672,0.6844438100686555,0.0175874784730371
672,673,0.6670492909229591,0.673,0.6870488466509059,0.01999955572794687
673,674,0.6676790652180459,0.674,0.6870981954633336,0.01941913024528774
674,675,0.6679654385279703,0.675,0.6881739770970531,0.02020853856908278
675,676,0.6688203512080109,0.676,0.6894463635209755,0.02062601231296468
676,677,0.6695206419888514,0.677,0.6901869514938588,0.020666309505007363
677,678,0.6700984005211379,0.678,0.6919916911799963,0.021893290658858366
678,679,0.6701966680913217,0.679,0.6946226656178239,0.024425997526502208
679,680,0.6709910080167423,0.68,0.6956222130694762,0.024631205052733973
680,681,0.6711493840772423,0.681,0.6957771785086123,0.024627794431369976
681,682,0.6717841516583153,0.682,0.6958317555721113,0.024047603913796012
682,683,0.6719034727066305,0.683,0.6975175739219117,0.025614101215281182
683,684,0.6745247322481707,0.684,0.6977925813204393,0.023267849072268643
684,685,0.6746928429578863,0.685,0.698287170925866,0.023594327967979667
685,686,0.6762369213049472,0.686,0.6988682991240753,0.022631377819128162
686,687,0.678864716868319,0.687,0.699205209075734,0.020340492207415073
687,688,0.6792964058366122,0.688,0.7013044003545045,0.02200799451789226
688,689,0.6793321988914778,0.689,0.7013433469698253,0.022011148078347476
689,690,0.679592367578108,0.69,0.7016415258779305,0.022049158299822458
690,691,0.6805619838091368,0.691,0.7017420893233165,0.021180105514179703
691,692,0.6811644656961618,0.692,0.70198305248395,0.02081858678778814
692,693,0.6811988273082296,0.693,0.7027955909813678,0.02159676367313823
693,694,0.6813462137623439,0.694,0.7029831344180527,0.02163692065570877
694,695,0.6814911154478281,0.695,0.7037091936860904,0.022218078238262273
695,696,0.6816657803401658,0.696,0.7044157136162644,0.022749933276098644
696,697,0.6820491196969752,0.697,0.7054196429759656,0.023370523278990363
697,698,0.6824942322832039,0.698,0.7075896431289748,0.025095410845770827
698,699,0.686101634374867,0.699,0.7095864617635855,0.023484827388718488
699,700,0.6867727123604961,0.7,0.7099375865111351,0.02316487415063906
700,701,0.6874144886096075,0.701,0.710195890773875,0.022781402164267495
701,702,0.6875778984686257,0.702,0.7114567253550588,0.023878826886433058
702,703,0.6884553011918698,0.703,0.7120195331693736,0.02356423197750379
703,704,0.6889809131105341,0.704,0.7144858289702164,0.025504915859682287
704,705,0.6907726189544297,0.705,0.7155509046146525,0.024778285660222887
705,706,0.6911264558747068,0.706,0.7156525744153864,0.024526118540679653
706,707,0.6921689792965394,0.707,0.7167609556766701,0.024591976380130665
707,708,0.6935886771853961,0.708,0.718583008994455,0.024994331809058967
708,709,0.6940236658295726,0.709,0.7187755854163285,0.02475191958675582
709,710,0.6948564200172463,0.71,0.71889973863916,0.024043318621913667
710,711,0.6956373996546666,0.711,0.7192321238617982,0.0235947242071316
711,712,0.69567915224269,0.712,0.7198975867989792,0.024218434556289248
712,713,0.696007304683331,0.713,0.7210442993400046,0.025036994656673528
713,714,0.6962428119481741,0.714,0.7211005783172854,0.0248577663691113
714,715,0.6969957480658757,0.715,0.7212239630785051,0.024228215012629395
715,716,0.6980664449269262,0.716,0.7224701001475612,0.024403655220635034
716,717,0.6984603319775594,0.717,0.7233924898336831,0.024932157856123682
717,718,0.6985581632231167,0.718,0.7240274745862235,0.025469311363106817
718,719,0.6996909895444713,0.719,0.725468426033116,0.025777436488644723
719,720,0.6997911025303375,0.72,0.7255066830583651,0.025715580528027582
720,721,0.6998344402293835,0.721,0.7256042564001599,0.02576981617077645
721,722,0.7011905944446059,0.722,0.7280589798446123,0.026868385400006467
722,723,0.7022066487475329,0.723,0.7286545515263534,0.026447902778820476
723,724,0.7024713804491197,0.724,0.7291424970557956,0.02667111660667587
724,725,0.7029894118676844,0.725,0.7292947671590071,0.02630535529132272
725,726,0.7033694585335298,0.726,0.7295364083684309,0.026166949834901088
726,727,0.7064612739283876,0.727,0.7309476960835709,0.024486422155183263
727,728,0.706535474260587,0.728,0.7310069321411898,0.024471457880602787
728,729,0.7069499509907095,0.729,0.7321383753684887,0.02518842437777924
729,730,0.7078263008537825,0.73,0.7325811778731725,0.024754877019389943
730,731,0.7085879704489316,0.731,0.7326614400275075,0.024073469578575923
731,732,0.708920610933062,0.732,0.7329043885354289,0.023983777602366918
732,733,0.7093198465692437,0.733,0.7368303533693198,0.02751050680007605
733,734,0.7098195928660312,0.734,0.738698014542458,0.028878421676426735
734,735,0.7101135871885873,0.735,0.7396798932322202,0.029566306043632862
735,736,0.7104500623934205,0.736,0.7400109592175244,0.0295608968241039
736,737,0.7115644471308051,0.737,0.7400284442974743,0.02846399716666914
737,738,0.711571271862635,0.738,0.7416358494406174,0.03006457757798242
738,739,0.7134223206496901,0.739,0.7420087031556534,0.028586382505963237
739,740,0.7135465446457018,0.74,0.7420328798613882,0.028486335215686442
740,741,0.7136953248240497,0.741,0.7423400993910827,0.02864477456703296
741,742,0.7147099677076144,0.742,0.7452103204838063,0.030500352776191897
742,743,0.7156423347609315,0.743,0.7455979755638836,0.0299556408029521
743,744,0.7189194479579663,0.744,0.7471442619916732,0.028224814033706913
744,745,0.7191552355509043,0.745,0.7486613252024388,0.02950608965153445
745,746,0.7197947556710778,0.746,0.7491693964638273,0.02937464079274954
746,747,0.7207678201239406,0.747,0.7518724613621193,0.031104641238178687
747,748,0.7218716357470824,0.748,0.7520427792770642,0.030171143529981848
748,749,0.7226604007755687,0.749,0.7527622956333592,0.030101894857790468
749,750,0.7237637307139876,0.75,0.753080194026303,0.02931646331231541
750,751,0.7238364572282119,0.751,0.7583556308513839,0.03451917362317203
751,752,0.7254119984458256,0.752,0.7607569488727379,0.035344950426912325
752,753,0.726443115028759,0.753,0.7611475581107053,0.03470444308194631
753,754,0.7273349900391581,0.754,0.7613459221584797,0.0340109321193216
754,755,0.7286083636472972,0.755,0.7614496863821587,0.03284132273486151
755,756,0.7297476803556773,0.756,0.761675391572997,0.03192771121731974
756,757,0.7304482076924519,0.757,0.7628753615702754,0.03242715387782347
757,758,0.7313638160616922,0.758,0.7636220135216641,0.03225819745997194
758,759,0.7360818845853591,0.759,0.7654921152042019,0.029410230618842848
759,760,0.7362245143094214,0.76,0.7655345130641522,0.029309998754730837
760,761,0.7371748950039851,0.761,0.7660388430201343,0.02886394801614911
761,762,0.7389587274468312,0.762,0.767039376962593,0.028080649515761724
762,763,0.7389966089925712,0.763,0.7687838282290673,0.029787219236496076
763,764,0.7407587816662895,0.764,0.7694667907253602,0.02870800905907067
764,765,0.7417158976857159,0.765,0.7698972954917349,0.028181397806019026
765,766,0.7431260141279203,0.766,0.7700356874343707,0.026909673306450332
766,767,0.7432739537876444,0.767,0.7704499967977755,0.0271760430101311
767,768,0.7441042278633007,0.768,0.7708785779862735,0.0267743501229728
768,769,0.7466791471218127,0.769,0.771271108531061,0.024591961409248242
769,770,0.7482926509102307,0.77,0.772823756649987,0.024531105739756365
770,771,0.7483110710737813,0.771,0.7729363067050756,0.024625235631294373
771,772,0.7491450457596895,0.772,0.7743709827908031,0.025225937031113532
772,773,0.7492516156049686,0.773,0.7758333587676481,0.026581743162679583
773,774,0.7517100929989061,0.774,0.7779712655547406,0.02626117255583449
774,775,0.7529404129613845,0.775,0.7780350560359491,0.02509464307456466
775,776,0.7531737721307081,0.776,0.7786756896473012,0.02550191751659303
776,777,0.7533558349839206,0.777,0.7813140832738489,0.027958248289928322
777,778,0.7538627464109393,0.778,0.781405797715464,0.027543051304524724
778,779,0.7556053221950332,0.779,0.781423586447618,0.02581826425258482
779,780,0.755843532157989,0.78,0.7817868905236145,0.025943358365625446
780,781,0.7558556537869645,0.781,0.7826460618527012,0.026790408065736737
781,782,0.7564104859514211,0.782,0.783708376347809,0.02729789039638786
782,783,0.756770177165405,0.783,0.784557703587765,0.027787526422360043
783,784,0.757621140572066,0.784,0.7852765344470647,0.027655393874998713
784,785,0.758245766515958,0.785,0.7854443795097058,0.027198612993747817
785,786,0.7606172937716438,0.786,0.7864636423688728,0.025846348597229007
786,787,0.7615142621852058,0.787,0.7879020298021465,0.026387767616940727
787,788,0.7621980396854682,0.788,0.7882844143876291,0.026086374702160908
788,789,0.7623438861977048,0.789,0.7889436933788427,0.02659980718113797
789,790,0.7625707219180514,0.79,0.7894883522491368,0.026917630331085407
790,791,0.7640048534441762,0.791,0.7900627497291691,0.026057896284992887
791,792,0.7661748001194442,0.792,0.7902029457301162,0.024028145610672014
792,793,0.7664947778761828,0.793,0.7902222293370252,0.02372745146084243
793,794,0.7670650164443371,0.794,0.790607571454619,0.023542555010281907
794,795,0.769114056960267,0.795,0.7910364012014464,0.021922344241179337
795,796,0.7693601002774015,0.796,0.7911122306659156,0.02175213038851409
796,797,0.7694373790963727,0.797,0.7977986510639156,0.0283612719675429
797,798,0.7700464566098743,0.798,0.7981021874621669,0.028055730852292626
798,799,0.7702045467543437,0.799,0.8005557784240952,0.03035123166975151
799,800,0.7719441516194232,0.8,0.8028172612676859,0.03087310964826273
800,801,0.7720302938353412,0.801,0.8044435537405524,0.03241325990521127
801,802,0.7733520161236412,0.802,0.8050294421553587,0.031677426031717415
802,803,0.7758803287408689,0.803,0.8058731615396372,0.0299928327987683
803,804,0.7768658216934957,0.804,0.8060472654681655,0.029181443774669802
804,805,0.7829920080411211,0.805,0.8064262453015377,0.0234342372604166
805,806,0.7830023354771558,0.806,0.806774148256249,0.023771812779093238
806,807,0.7831531687561204,0.807,0.8075774054833834,0.024424236727263016
807,808,0.7838652025833098,0.808,0.8080253134214707,0.02416011083816083
808,809,0.7933821770331739,0.809,0.808942489967871,0.015560312934697063
809,810,0.7942779123756466,0.81,0.8091061425677647,0.014828230192118097
810,811,0.7947698127454006,0.811,0.809745988547998,0.014976175802597358
811,812,0.7948807588754598,0.812,0.8100208702788364,0.015140111403376566
812,813,0.7953526115954633,0.813,0.8102441662735541,0.01489155467809078
813,814,0.7958556580337955,0.814,0.8109314899495872,0.015075831915791649
814,815,0.7990347690875804,0.815,0.8115114326048845,0.012476663517304032
815,816,0.8007203269753234,0.816,0.8117179083857556,0.010997581410432278
816,817,0.8020186493182642,0.817,0.8134686702680733,0.011450020949809181
817,818,0.8020843555229178,0.818,0.8141462116908987,0.012061856167980944
818,819,0.80240572700389,0.819,0.8176423829153909,0.015236655911500918
819,820,0.803072995880187,0.82,0.8210701707741013,0.01799717489391428
820,821,0.8032678178526776,0.821,0.8213864573641787,0.018118639511501056
821,822,0.8049123700731026,0.822,0.8223556861240194,0.01744331605091687
822,823,0.8066499171809526,0.823,0.8225641699240562,0.015914252743103652
823,824,0.8089445870411325,0.824,0.8237125993480053,0.014768012306872857
824,825,0.811895381106015,0.825,0.8237552550326622,0.011859873926647224
825,826,0.8130468371384996,0.826,0.8246832401152666,0.011636402976767046
826,827,0.8130480106049441,0.827,0.8273815561772143,0.014333545572270179
827,828,0.8132657128447973,0.828,0.8312626901323122,0.017996977287514926
828,829,0.8144164727136569,0.829,0.8313441400281214,0.01692766731446449
829,830,0.8154067670998195,0.83,0.8325820078324455,0.017175240732625996
830,831,0.8159321657456142,0.831,0.8343017228880412,0.01836955714242694
831,832,0.8171013318081858,0.832,0.8377482808095796,0.020646949001393855
832,833,0.8175614829256951,0.833,0.8383343354475216,0.02077285252182648
833,834,0.8181073296899476,0.834,0.8393189071487098,0.021211577458762232
834,835,0.8195271840409968,0.835,0.8415094736269149,0.02198228958591808
835,836,0.8197260935882693,0.836,0.8415403773709104,0.021814283782641053
836,837,0.8211773316474525,0.837,0.8423270255588196,0.021149693911367007
837,838,0.8213336951198679,0.838,0.8448906354480317,0.0235569403281638
838,839,0.8228910322407684,0.839,0.8453826087273544,0.02249157648658595
839,840,0.824697386857447,0.84,0.8454027269463839,0.020705340088936874
840,841,0.8258365168356506,0.841,0.8462306752340618,0.02039415839841119
841,842,0.8278173002543939,0.842,0.846936468808197,0.019119168553803023
842,843,0.8283547171523584,0.843,0.8472974147232869,0.01894269757092848
843,844,0.8287079519725907,0.844,0.8508068679345718,0.022098915961981103
844,845,0.8292387071201758,0.845,0.8508670260193787,0.021628318899202914
845,846,0.8309653461123655,0.846,0.8512847450806172,0.020319398968251745
846,847,0.8312559788260869,0.847,0.8515694566632039,0.02031347783711701
847,848,0.8315239217279125,0.848,0.8538636427375752,0.02233972100966275
848,849,0.8333778357288697,0.849,0.855271791740527,0.021893956011657334
849,850,0.8334740334346303,0.85,0.8558288105858762,0.022354777151245897
850,851,0.833648146052681,0.851,0.8585672395882515,0.024919093535570536
851,852,0.8336821346700574,0.852,0.8592307243178239,0.025548589647766518
852,853,0.8343384567808073,0.853,0.860674634236581,0.026336177455773657
853,854,0.8346914909010248,0.854,0.861737186191804,0.02704569529077916
854,855,0.8362065590155342,0.855,0.8623662885343524,0.026159729518818176
855,856,0.8363754706626644,0.856,0.8627635957724081,0.026388125109743754
856,857,0.836419879848333,0.857,0.8648832925903478,0.028463412742014804
857,858,0.8365978337063444,0.858,0.8653849526629168,0.028787118956572377
858,859,0.8370818522931458,0.859,0.8654245679295253,0.028342715636379467
859,860,0.8381016393369537,0.86,0.8669770612660511,0.028875421929097422
860,861,0.8395485835334047,0.861,0.8670195132203952,0.027470929686990497
861,862,0.8415106394521475,0.862,0.8682808557194703,0.02677021626732279
862,863,0.8415760434426256,0.863,0.8688750496933809,0.02729900625075532
863,864,0.8420396125139853,0.864,0.8692633414480601,0.027223728934074765
864,865,0.8420439040484111,0.865,0.8706079168639821,0.02856401281557097
865,866,0.8439753688145314,0.866,0.8713679258935653,0.027392557079033875
866,867,0.8455756594639158,0.867,0.8721238610449704,0.026548201581054642
867,868,0.845981560110106,0.868,0.872768179515999,0.02678661940589311
868,869,0.846166890508573,0.869,0.8732383868587512,0.027071496350178248
869,870,0.8492782487763456,0.87,0.8733304494468946,0.02405220067054903
870,871,0.850530583341853,0.871,0.8737324010655108,0.023201817723657703
871,872,0.8512696683645573,0.872,0.8745115962024885,0.02324192783793122
872,873,0.85436512755899,0.873,0.8750984366561714,0.020733309097181407
873,874,0.8561926194728318,0.874,0.8751801850951445,0.01898756562231274
874,875,0.8568761175763216,0.875,0.8763711435313065,0.019495025954984868
875,876,0.8587659266119664,0.876,0.8772840191926013,0.01851809258063497
876,877,0.8592130825199248,0.877,0.8799290557792785,0.020715973259353704
877,878,0.8602256955859371,0.878,0.8805673700202373,0.02034167443430024
878,879,0.8608598359212558,0.879,0.8809562730598689,0.020096437138613088
879,880,0.86118743608761,0.88,0.882124130640187,0.020936694552577073
880,881,0.8616217765312744,0.881,0.8822298899374453,0.02060811340617097
881,882,0.863642753038389,0.882,0.8833998109371785,0.019757057898789454
882,883,0.864171537041744,0.883,0.8841629033183759,0.019991366276631894
883,884,0.8646094984675802,0.884,0.8842777566937084,0.019668258226128277
884,885,0.8658826690473979,0.885,0.8844905904498926,0.018607921402494787
885,886,0.8675142265239331,0.886,0.8875806351627649,0.0200664086388318
886,887,0.8682471317556906,0.887,0.88953016463393,0.021283032878239405
887,888,0.8691879794323761,0.888,0.890710025751621,0.021522046319244814
888,889,0.8692637378672434,0.889,0.893073958294224,0.023810220426980555
889,890,0.869494071635182,0.89,0.8938769287200936,0.024382857084911613
890,891,0.8718842295333205,0.891,0.8941590607767423,0.02227483124342189
891,892,0.8765657189658683,0.892,0.8943158834338962,0.017750164468027907
892,893,0.8781917867614849,0.893,0.8945668203744347,0.016375033612949785
893,894,0.8784129511930109,0.894,0.8947162539914529,0.016303302798442054
894,895,0.879059878587285,0.895,0.894955097731008,0.01589521914372305
895,896,0.8791618295382531,0.896,0.895455061878387,0.016293232340133912
896,897,0.8807840831022635,0.897,0.8966475996881371,0.015863516585873594
897,898,0.8815041188530177,0.898,0.8970110238667048,0.015506905013687122
898,899,0.8837046548182632,0.899,0.8973675477746091,0.013662892956345929
899,900,0.884707128575401,0.9,0.8978301133186768,0.013122984743275778
900,901,0.8856483711328583,0.901,0.8979833372377196,0.012334966104861289
901,902,0.8860311172371875,0.902,0.898663751189645,0.012632633952457506
902,903,0.8869906621458896,0.903,0.8995684472630879,0.012577785117198315
903,904,0.8885722136537415,0.904,0.9024792329827618,0.013907019329020276
904,905,0.8900186796160502,0.905,0.9026269815269198,0.01260830191086959
905,906,0.8907374813643925,0.906,0.9027233914241242,0.011985910059731708
906,907,0.8965239729250427,0.907,0.9055810462584111,0.00905707333336836
907,908,0.8976562865533196,0.908,0.9070406936246204,0.009384407071300727
908,909,0.8976568984322515,0.909,0.9079789218967926,0.010322023464541141
909,910,0.8979142372952374,0.91,0.9083939307335008,0.010479693438263382
910,911,0.8995211175175016,0.911,0.9086012442130154,0.009080126695513724
911,912,0.9012179476680318,0.912,0.9089700181080793,0.007752070440047554
912,913,0.9016734989833429,0.913,0.909307765787823,0.007634266804480094
913,914,0.9033011835549498,0.914,0.9096980561431188,0.006396872588169011
914,915,0.9046530923362137,0.915,0.9101969219581004,0.005543829621886709
915,916,0.9086905694141474,0.916,0.9116234089946303,0.00293283958048296
916,917,0.9089218852617414,0.917,0.9116552872862934,0.0027334020245519675
917,918,0.9092081016438119,0.918,0.9131164436052946,0.003908341961482709
918,919,0.9103208304896582,0.919,0.9134869545333364,0.00316612404367822
919,920,0.9138174419821321,0.92,0.9140080890283374,0.0001906470462053056
920,921,0.9140249862866593,0.921,0.9140299636964558,4.97740979654715e-06
921,922,0.9166338955595316,0.922,0.9150311428733737,0.0016027526861578378
922,923,0.9178477190052381,0.923,0.9152081237899646,0.0026395952152734603
923,924,0.9179673152593744,0.924,0.9152342690103457,0.0027330462490287033
924,925,0.9192361300435086,0.925,0.915959147849685,0.003276982193823552
925,926,0.9194919508506972,0.926,0.9174472253576882,0.0020447254930090475
926,927,0.9202523645573539,0.927,0.9197672779817109,0.0004850865756430567
927,928,0.9208295326311279,0.928,0.9203222672989818,0.0005072653321460674
928,929,0.9211174901207525,0.929,0.9206383455226869,0.00047914459806563947
929,930,0.9214728790901009,0.93,0.9220142090621967,0.000541329972095772
930,931,0.9255030462171431,0.931,0.9237380382900746,0.0017650079270684627
931,932,0.9291497897026827,0.932,0.9243173687730906,0.004832420929592129
932,933,0.9296977715239384,0.933,0.9257835920141689,0.0039141795097694665
933,934,0.9298900989489118,0.934,0.9271462171311591,0.002743881817752758
934,935,0.9304364947278223,0.935,0.9272399865765912,0.00319650815123107
935,936,0.9316744003126745,0.936,0.9278443743068383,0.0038300260058361513
936,937,0.9319147243778756,0.937,0.928228961632271,0.003685762745604615
937,938,0.9328434653267467,0.938,0.9292911156782292,0.003552349648517472
938,939,0.9340304727358886,0.939,0.933022380076044,0.0010080926598445838
939,940,0.9341101576267323,0.94,0.9349994393590669,0.0008892817323346014
940,941,0.9346928959408276,0.941,0.935667971472236,0.0009750755314084092
941,942,0.9352416018653855,0.942,0.9359604931897786,0.0007188913243930672
942,943,0.9352515041526647,0.943,0.937798073073707,0.002546568921042325
943,944,0.9359359405636489,0.944,0.9380195950974218,0.002083654533772905
944,945,0.9378972993874444,0.945,0.9381264641040196,0.000229164716575192
945,946,0.9382540252703494,0.946,0.9385424387304142,0.00028841346006480695
946,947,0.939725403180218,0.947,0.940675291305427,0.0009498881252090197
947,948,0.9398714843857435,0.948,0.9406816034692045,0.0008101190834609584
948,949,0.9401631201338783,0.949,0.9412822698135757,0.0011191496796973954
949,950,0.9409799538277928,0.95,0.9415772891085671,0.0005973352807743249
950,951,0.9444520608263333,0.951,0.9471668807174294,0.0027148198910961208
951,952,0.9447528230700423,0.952,0.9509827066738245,0.0062298836037821825
952,953,0.9452502727253597,0.953,0.9522145361334374,0.006964263408077764
953,954,0.9460445740008935,0.954,0.9545400263233123,0.008495452322418773
954,955,0.9474867800937439,0.955,0.9563250147336197,0.008838234639875875
955,956,0.9475450617948291,0.956,0.9593603437489818,0.011815281954152712
956,957,0.9477642499598508,0.957,0.9602619051533685,0.012497655193517754
957,958,0.9491571476446266,0.958,0.9603791456991148,0.011221998054488203
958,959,0.9513674503897165,0.959,0.9626968899546429,0.01132943956492638
959,960,0.9517532717211886,0.96,0.9634392239606449,0.011685952239456232
960,961,0.9521596682966499,0.961,0.9658692615874839,0.013709593290833988
961,962,0.9524309406766812,0.962,0.9660025831392495,0.013571642462568256
962,963,0.9540284955660014,0.963,0.9660592875430267,0.01203079197702528
963,964,0.9544149026993731,0.964,0.966505778682808,0.012090875983434834
964,965,0.9553607599601898,0.965,0.9666107702723798,0.011250010312190084
965,966,0.9554088264496107,0.966,0.9672985766590809,0.011889750209470251
966,967,0.9610951407631371,0.967,0.9679296641379121,0.006834523374775081
967,968,0.9625354274001603,0.968,0.9683624157072531,0.0058269883070928286
968,969,0.9631601995616966,0.969,0.968387720301847,0.0052275207401504264
969,970,0.9634755779818983,0.97,0.9685223623819748,0.005046784400076443
970,971,0.9648512499243259,0.971,0.9704006763027546,0.005549426378428701
971,972,0.9669096525604416,0.972,0.9713950890467854,0.004485436486343808
972,973,0.9677231553791664,0.973,0.9737496894865262,0.00602653410735976
973,974,0.9700866741920293,0.974,0.9740860867844486,0.003999412592419316
974,975,0.9724762407003326,0.975,0.9742466028402139,0.001770362139881354
975,976,0.9733462030875246,0.976,0.9747140233528815,0.0013678202653568672
976,977,0.9733556420418227,0.977,0.9758040439991126,0.002448401957289903
977,978,0.9742523361808864,0.978,0.9765006049994944,0.002248268818608068
978,979,0.9743478675253446,0.979,0.9777317643410995,0.0033838968157549054
979,980,0.9758808095827144,0.98,0.9791982512040296,0.003317441621315198
980,981,0.9761155685298682,0.981,0.9792612813693573,0.0031457128394890566
981,982,0.977180207137568,0.982,0.9796339589831913,0.002453751845623242
982,983,0.9772383244602189,0.983,0.9799916821615283,0.0027533577013094668
983,984,0.9820324219679611,0.984,0.9802303986214759,0.0018020233464852708
984,985,0.9825502862141237,0.985,0.9821873058028734,0.0003629804112502688
985,986,0.9832357978370208,0.986,0.9831790365652974,5.67612717233823e-05
986,987,0.9833050970841689,0.987,0.9839671797616404,0.0006620826774714761
987,988,0.9865026711423428,0.988,0.9851417539661514,0.0013609171761913563
988,989,0.9866421120179082,0.989,0.9853659544671373,0.0012761575507709289
989,990,0.9868829888230576,0.99,0.9898702475845652,0.0029872587615076274
990,991,0.9871454997859641,0.991,0.9911786836416885,0.004033183855724376
991,992,0.9873247402661129,0.992,0.9913196130912018,0.003994872825088813
992,993,0.9879370005745147,0.993,0.9939585948793056,0.006021594304790878
993,994,0.9893624996716913,0.994,0.9939751868510691,0.004612687179377795
994,995,0.9910373855340469,0.995,0.9965318228438247,0.005494437309777833
995,996,0.9915330326145203,0.996,0.9967904393275704,0.0052574067130500834
996,997,0.9954006108433943,0.997,0.9969806008366421,0.0015799899932478212
997,998,0.9975985912594938,0.998,0.9985751022806174,0.0009765110211236161
998,999,0.9991166540417432,0.999,0.9987495057546908,0.0003671482870524212
999,1000,0.999457878991709,1.0,0.9991043378367019,0.0003535411550070755
